36.5146081
58.064625
82.5248025
120.7067291
15.1511378
84.0315003
38.634248
54.0424846
10.2589141
33.3084808
13.5865759
72.5158341
69.3001541
0.2863728
7.4714007
11.363595
47.006176
50.8931332
43.1783047
22.7490256
42.1503213
57.1063317
1.7271197
128.9092925
4.0887851
9.7514213
67.6566106
6.6494515
12.4260782
45.0837818
17.0514967
13.9063274
59.5965404
7.6605039999999995
19.3759527
2.2167631
226.5694051
60.0095323
14.0427545
29.7011675
1.7730837
65.4698696
29.6248401
1.6863698
0.2168002
38.1695349
64.1488483
0.6073382
60.382088
67.5452407
