0.574955756
1.391639987
0.209689757
0.21327635
0.194388133
0.397897315
0.350434654
0.322461498
0.794795189
0.706638926
1.068997752
4.300956809
1.9427318599999999
0.007373841
0.025760849
0.045475824
0.059338472
0.101702251
0.421128156
0.412449964
0.795357302
0.340629557
0.460661506
0.184704274
1.810998163
0.127548461
0.118630554
0.531377382
0.372496313
0.671951025
0.501762545
0.418613395
0.08914958
0.197005359
0.058954997
0.091133552
0.897076095
0.233753573
0.088142977
0.355410729
1.012265986
0.362176506
0.884392733
0.388126581
0.40223852
0.638271109
0.281438306
0.466498292
0.540341925
0.030294523
0.436798776
0.840233005
0.012183201
1.946948438
0.052365077
