48.553221
0.9332873
4.4911314
56.9248503
117.518966
0.5959651
76.3456672
68.1572033
27.3088462
41.9261532
23.7584566
6.1607917
69.9578144
12.3921402
57.5071762
24.3380225
101.3996115
142.0787405
74.1002023
77.755698
21.5917921
3.3059039
64.0954155
98.4176602
4.2984185
39.8382649
148.9609235
16.6717104
20.9625763
67.7340093
88.7311777
17.4289677
33.3251729
31.1838377
70.3703279
1.922239
21.2012178
51.6050528
2.4623815000000002
115.171913
342.8050511
301.5322681
33.2014839
73.0698773
236.0676746
91.8682624
2.3187768
9.6708568
24.9378009
4.5679998
