48.5259994
23.8058832
42.5343458
89.3490632
93.5360035
61.5390735
119.1692179
51.885995199999996
29.7265599
52.5092104
6.1071834
15.534843500000001
2.1086802000000002
111.9540589
21.7911394
24.1209659
26.0606831
34.109914
35.6190893
55.6320489
1.0647589
75.4560331
52.9326564
55.957657
79.8910469
44.4340279
66.4939632
133.737425
102.18862
10.5713292
3.2488537
19.7472349
186.0354572
106.1005697
1.3034270000000001
22.2570639
62.0601921
10.4502267
82.7679353
9.0943674
147.5430091
3.2360426
73.5608517
90.7630432
40.9038902
40.3841193
20.649308
24.4199969
46.3871903
9.1308953
