20.3469074
11.7136512
46.1367645
16.2992511
22.537873
133.3933943
154.3925385
2.9820939
99.9231214
43.777059
5.958399
2.95665
143.0372051
14.278012
11.4290787
118.9021138
83.5202133
136.2875275
252.0983953
109.3499977
156.4333598
109.7106163
28.5244005
28.7860789
160.2593531
91.0341419
19.8853702
44.1321441
73.5447393
36.8869212
3.7664304
111.7647021
131.3899132
4.8286086
62.8682151
257.4266296
161.3882426
93.7913902
49.4369487
49.9151029
4.2553582
41.2911592
83.8160694
229.3101854
151.359297
2.139113
157.0957169
73.7018613
283.2972002
84.1746501
