287.2738726
101.5693179
92.6364772
76.717482
75.1726294
15.0486268
79.2019627
49.5890809
5.1202267
23.9263609
147.6625506
9.2066259
57.0148536
20.0193835
128.143554
95.9262422
80.4555599
7.0831317
15.6804983
124.5147041
329.995203
217.989326
12.6958228
61.5837384
10.0571676
56.8611164
24.4204639
24.1982257
120.0363469
130.6263691
180.5647859
42.3902635
74.4655909
81.1498239
142.3662632
67.4699431
39.8490503
21.1170095
20.6776223
7.7506679
58.8609259
40.8708506
74.9233197
61.5920507
3.9308616
82.783479
4.2694396
34.1974374
289.1467705
136.6625035
