2.928579452
0.123677202
34.483298772
56.334149704
184.990229515
22.235315195
78.014555534
78.733178088
53.254829027
11.488905102
44.384487483
23.899043708
44.830130547
327.059788475
2.181584387
22.022880866
3.115084976
99.692309382
201.719522101
9.50204413
17.40571436
5.939401651
119.63440835
141.488913854
140.709286514
10.881569148
104.37946883
28.384502605
145.165378663
5.868543629
67.666932056
78.892570763
82.534779125
11.782429553
11.57910055
7.879582053
26.531095402
58.20805706
52.390246624
93.899775833
55.483663437
127.074819419
108.443319908
29.159825905
3.2438838150000002
23.634741603
12.642673664
15.37854413
19.954068531
130.52203835
